OS: Windows-10-10.0.19041-SP0 10.0.19041
Python: 3.9.5
Stable-Baselines3: 1.3.0
PyTorch: 1.10.0+cu102
GPU Enabled: True
Numpy: 1.19.5
Gym: 0.19.0
